50,20
00000000000000000000000000000000000000000000000000
00100010000000110000110100111000000000000001110100
00000000000000000000000000000000000000000000000000
00000000000000000000000000000000000000000000000000
00000000000000000000000000000000000000000000000000
00000000000000000000000011100000000001100101110000
00000000000000000000000000000000000000000000000000
00000000000000000000000000000000000000000000000000
00000010000000000000000000000000000000000000000000
00000100000000000000000000000000000000000000000000
00000100011010000000000000000000000000000000000000
00000000000000000000000000000000000000000000000000
00000000000000000000000000000000000000000000000000
00000000000000000000000000000000000000000000000000
00000000000000000000000000000000000000000000000000
00000000000000000000000000000000000000000000000000
00000000000000000000000000000000000000000000000000
00110000000110011000000000000000000000000000000000
00000000000000000000000000000000000000000000000000
00000000000000000000000000000000000000000000000000
