50,20
01110000000000000000000000000000000010001001000000
01110000000000000000000000000000000000010111000000
00000000000000000000000000000000000100010000000000
00000000000000000000000000000000000010000010001000
00000000000000000000000000000000000000000010100000
00000000000000000000000000000000000000000000000000
00000000000000000000000000000000000000000000000000
00000000000000000000000000000000000000000000000000
00000000000000000000000000000000001100000000000000
00000000000000000000000000000000000010000000000000
00000000000000000000000000000000001100000000000000
00000000000000000000000000000000000000000000000000
00000000000000000000000000010000000000000000000000
00000000000000000000000001100000000000000000000000
00000000000000000000000000010100100000000000000000
00000000000000000000000000000111000010000000000000
01000000000000000000000000000111000011000000000000
01000000000000000000000000000000000101001000000000
01000000000000000000000000000000000010111000000001
00110000000000000000000000000000000011001011000000
