50,20
00000000001000100011000000000100100010000000001110
00000000001000110110100000000110100000000000000110
00000000001000001001110000000010000000000000000011
00001100010001110000000000000110001000000000000100
10110100000101000000000000000000110000000000000001
10111000000000000000000000000000101110100000000011
00001000000000000000000011000000011000110000000110
00000000000000001000000011000000001111001000001110
00000000000000100110000010000000000000000000001000
01100000000001101010000110000000000000111000000000
11100000000001011100001110000000000000000011100000
11100000000000111000000001000000000000000100000000
00000000000000101000000011000011000000000100001100
10000000000000010100000000000101100000000000001100
11000000000000100010000000000110111000010000010000
01110000000000110000100000001100011000000000100000
00110000000001001000010000001100000000101101100000
00110000000100100100010000001110000000011000001011
01000000000000100100100000000101000011010000001000
10000000001000110000000000000111000111100000000100
